15
0 15
20 23
0 2147483647
1 2147483647
2 2147483647
41706 2147483647
41707 2147483647
2147483643 2147483647
2147483644 2147483647
2147483645 2147483647
2147483646 2147483647
0 1
0 2
0 3
0 4


7
3
92681
92681
92681
92681
92680
3
3
2
1
1
2
3
3



1	1	| 1
------------------------------
2	2	| 1 1
3	3	| 1 1 1
4	3	| 1 2 1
------------------------------
5	4	| 1 1 2 1 or 1 2 1 1
6	4	| 1 2 2 1
7	5	| 1 2 2 1 1 or 1 1 2 2 1 or 1 2 1 2 1
8	5	| 1 2 2 2 1
9	5	| 1 2 3 2 1
------------------------------
10	6	| 1 2 2 2 2 1
11	6	| 1 2 3 2 2 1 or 1 2 2 3 2 1
12	6	| 1 2 3 3 2 1
13	7	| 1 2 3 2 2 2 1 or 1 2 2 3 2 2 1 or 1 2 2 2 3 2 1
14	7	| 1 2 3 2 3 2 1 or 1 2 3 3 2 2 1 or 1 2 2 3 3 2 1
15	7	| 1 2 3 3 3 2 1
16	7	| 1 2 3 4 3 2 1
-----------------------------
17	8	| 1 2 3 2 3 3 2 1 or 1 2 3 3 2 3 2 1 or 1 2 3 3 3 2 2 1
18	8	| 1 2 3 3 3 3 2 1
19 	8
20	8
21	9
22	9
23	9
24	9
25	9	| 1 2 3 4 5 4 3 2 1
-----------------------------



(1+4)/2 = 2.5
2 (<2.5) 3 3
(4+9)/2 = 6.5
(9+16)/2 = 12.5
1*2-1
2*2-1 = 3